100
20 132 177
41 132 198
25 299 349
26 532 583
22 544 591
23 134 182
49 541 615
41 539 605
34 316 375
50 295 370
16 140 181
14 136 175
29 141 195
22 132 179
32 539 596
39 307 371
34 125 184
48 544 617
20 538 583
24 545 594
19 298 342
29 543 597
21 537 583
42 535 602
23 307 355
33 433 491
18 529 572
33 146 204
27 542 594
29 543 597
39 140 204
29 544 598
35 314 374
19 436 480
43 544 612
18 136 179
22 440 487
32 308 365
48 308 381
32 537 594
4 141 170
30 325 380
11 320 356
25 548 598
19 440 484
26 137 188
47 537 609
34 554 613
29 140 194
20 440 485
31 304 360
9 310 344
25 299 349
37 543 605
30 145 200
26 122 173
45 531 601
16 148 189
15 555 595
24 311 360
41 541 607
27 539 591
32 436 493
31 436 492
60 132 217
23 443 491
18 436 479
6 542 573
49 443 517
20 549 594
51 123 199
38 544 607
24 437 486
18 530 573
46 532 603
33 305 363
49 437 511
19 453 497
46 535 606
31 441 497
18 140 183
50 302 377
12 131 168
25 436 486
31 552 608
47 431 503
29 311 365
15 538 578
28 433 486
0 322 347
38 306 369
33 534 592
9 551 585
37 306 368
36 134 195
43 535 603
44 130 199
9 550 584
47 142 214
0 136 161
