150
12 22 58
45 218 287
42 433 499
17 162 203
38 31 93
32 201 257
27 415 466
16 171 211
3 182 209
14 157 195
33 243 300
9 220 253
38 196 258
30 451 505
47 460 531
39 13 76
4 218 246
6 8 38
30 215 269
42 201 267
22 451 497
29 202 255
17 208 249
45 177 246
3 155 182
24 227 275
40 31 95
34 38 96
10 167 201
29 13 66
38 194 256
20 208 252
34 22 80
38 156 218
15 463 502
19 216 259
34 179 237
23 435 482
39 219 282
27 195 246
22 197 243
43 157 224
35 203 262
37 209 270
29 195 248
21 449 494
16 457 497
20 212 256
56 22 102
32 449 505
40 444 508
32 216 272
40 225 289
45 235 304
28 162 214
16 165 205
32 225 281
26 471 521
21 442 487
31 198 253
20 212 256
31 215 270
21 15 60
9 159 192
43 167 234
33 211 268
21 445 490
22 214 260
16 222 262
9 221 254
28 204 256
51 212 287
14 207 245
36 463 523
18 467 509
35 216 275
52 13 89
32 224 280
38 210 272
34 208 266
29 201 254
50 7 81
32 207 263
37 208 269
14 172 210
7 230 261
44 211 279
12 185 221
37 214 275
29 446 499
23 165 212
21 455 500
45 10 79
28 157 209
52 7 83
47 18 89
20 172 216
21 214 259
33 440 497
53 9 86
29 240 293
22 30 76
15 429 468
60 206 290
21 20 65
29 158 211
19 449 492
8 207 239
41 445 510
21 10 55
51 22 97
11 222 257
23 185 232
53 221 298
34 196 254
18 440 482
19 19 62
27 178 229
26 197 247
34 434 492
17 201 242
25 145 194
22 427 473
21 440 485
20 453 497
29 0 53
24 153 201
38 179 241
42 18 84
15 29 68
8 196 228
29 457 510
41 447 512
28 16 68
23 159 206
44 27 95
17 187 228
14 174 212
47 450 521
31 40 95
37 453 514
26 225 275
19 459 502
40 12 76
54 176 254
13 15 52
58 26 108
44 170 238
24 467 515
35 168 227
