200
50 877 945
22 350 390
31 109 158
25 105 148
4 575 597
15 865 898
28 366 412
34 566 618
37 634 689
0 103 121
27 110 155
35 567 620
42 872 932
23 596 637
29 573 620
9 634 661
14 578 610
26 121 165
11 105 134
33 129 180
18 850 886
29 857 904
28 868 914
30 640 688
30 115 163
33 621 672
0 626 644
51 349 418
30 541 589
27 850 895
14 133 165
14 872 904
18 118 154
13 650 681
23 574 615
32 568 618
42 830 890
24 640 682
29 628 675
20 635 673
22 870 910
35 628 681
19 861 898
30 636 684
28 872 918
15 636 669
20 557 595
40 380 438
24 89 131
7 861 886
39 131 188
40 110 168
31 870 919
40 367 425
47 98 163
34 623 675
40 652 710
33 558 609
43 549 610
12 877 907
38 574 630
16 573 607
47 544 609
0 579 597
0 573 591
29 887 934
19 353 390
40 632 690
3 882 903
35 846 899
34 657 709
12 565 595
10 631 659
22 860 900
60 558 636
16 364 398
43 570 631
18 351 387
28 622 668
22 106 146
38 89 145
23 859 900
46 862 926
38 374 430
17 614 649
10 635 663
40 859 917
0 380 398
17 625 660
29 586 633
22 622 662
31 856 905
18 869 905
22 652 692
29 564 611
31 583 632
1 347 366
1 374 393
24 857 899
29 570 617
28 101 147
8 571 597
32 618 668
29 875 922
43 114 175
29 619 666
25 374 417
32 585 635
19 351 388
31 379 428
28 862 908
44 572 634
20 638 676
14 873 905
27 135 180
27 642 687
8 378 404
9 878 905
30 629 677
17 563 598
28 875 921
6 565 589
31 625 674
43 363 424
20 134 172
12 104 134
50 339 407
30 565 613
24 565 607
29 547 594
14 577 609
15 362 395
17 373 408
16 543 577
29 122 169
28 105 151
12 120 150
25 377 420
38 871 927
9 96 123
27 565 610
43 553 614
28 846 892
34 646 698
26 641 685
31 116 165
13 616 647
36 861 915
9 106 133
20 380 418
24 859 901
38 855 911
22 545 585
54 551 623
21 363 402
33 379 430
36 95 149
24 565 607
21 99 138
60 105 183
42 120 180
18 361 397
60 634 712
12 117 147
21 559 598
24 644 686
23 533 574
22 615 655
11 858 887
16 120 154
25 573 616
33 629 680
28 584 630
33 870 921
30 551 599
28 569 615
32 865 915
16 383 417
41 94 153
48 360 426
37 623 678
18 84 120
16 859 893
23 656 697
0 97 115
31 841 890
18 368 404
35 620 673
45 641 704
39 614 671
48 575 641
50 104 172
21 372 411
26 655 699
44 129 191
16 375 409
35 352 405
21 356 395
10 364 392
30 133 181
