250
30 1025 1066
25 958 994
18 913 942
12 464 487
38 989 1038
19 477 507
22 459 492
45 428 484
20 3 34
16 939 966
42 964 1017
23 982 1016
18 1305 1334
13 944 968
29 932 972
8 1291 1310
21 956 988
44 490 545
12 1302 1325
22 464 497
8 933 952
22 1304 1337
25 930 966
24 30 65
21 1016 1048
44 0 55
30 1313 1354
27 0 38
31 486 528
29 7 47
43 948 1002
33 1316 1360
26 923 960
21 519 551
3 939 953
39 994 1044
20 457 488
31 1298 1340
18 995 1024
39 1044 1094
33 1340 1384
27 486 524
42 36 89
40 30 81
38 479 528
30 1338 1379
36 1011 1058
19 892 922
9 40 60
31 517 559
37 980 1028
52 23 86
26 1005 1042
48 938 997
15 935 961
25 931 967
37 1321 1369
16 930 957
18 978 1007
24 994 1029
31 497 539
33 1294 1338
27 1293 1331
43 1015 1069
32 4 47
32 482 525
17 0 28
17 982 1010
31 1325 1367
18 965 994
31 7 49
8 1005 1024
34 1333 1378
13 1320 1344
36 473 520
16 1291 1318
40 950 1001
29 487 527
38 1023 1072
29 0 40
31 1 43
29 1310 1350
26 10 47
39 924 974
37 507 555
18 910 939
33 17 61
35 0 46
46 1301 1358
53 925 989
17 950 978
32 987 1030
32 975 1018
25 1001 1037
37 922 970
11 496 518
43 21 75
20 1331 1362
47 0 58
42 493 546
13 999 1023
12 938 961
41 1 53
24 1286 1321
17 19 47
27 0 38
39 988 1038
12 1305 1328
35 504 550
31 928 970
31 1321 1363
18 1305 1334
21 953 985
14 15 40
17 1330 1358
27 1337 1375
18 918 947
38 895 944
31 1329 1371
19 1308 1338
16 0 27
29 1347 1387
26 498 535
21 41 73
15 482 508
33 1039 1083
46 943 1000
55 1010 1076
43 1339 1393
55 492 558
22 1300 1333
45 938 994
31 486 528
22 937 970
15 996 1022
28 913 952
36 1318 1365
24 996 1031
17 925 953
43 15 69
34 1312 1357
47 520 578
27 0 38
28 1319 1358
20 1013 1044
19 923 953
11 970 992
36 927 974
36 496 543
29 989 1029
29 1013 1053
4 1319 1334
31 479 521
29 0 40
25 493 529
41 499 551
25 1000 1036
19 953 983
42 1300 1353
28 50 89
22 1339 1372
16 971 998
5 977 993
33 46 90
23 1002 1036
26 4 41
29 985 1025
12 494 517
42 1326 1379
45 25 81
3 1302 1316
13 918 942
30 516 557
46 971 1028
22 485 518
25 496 532
21 915 947
11 12 34
55 471 537
25 1005 1041
32 0 43
26 937 974
27 1320 1358
39 920 970
46 477 534
14 0 25
22 452 485
33 466 510
3 1309 1323
26 915 952
26 1297 1334
21 1003 1035
52 1009 1072
27 1339 1377
15 1008 1034
35 945 991
56 10 77
22 508 541
12 989 1012
11 928 950
14 962 987
20 1319 1350
33 2 46
29 1015 1055
24 983 1018
38 989 1038
8 468 487
9 917 937
40 0 51
38 518 567
8 516 535
32 1306 1349
28 7 46
23 917 951
32 1312 1355
18 15 44
33 993 1037
37 5 53
51 1292 1354
16 967 994
29 513 553
49 901 961
46 485 542
29 1331 1371
18 985 1014
15 476 502
31 525 567
39 1321 1371
31 0 42
26 16 53
16 470 497
31 907 949
15 473 499
19 926 956
3 4 18
3 1333 1347
6 476 493
53 12 76
18 0 29
15 27 53
6 7 24
23 478 512
24 2 37
43 1273 1327
37 1322 1370
21 1009 1041
49 1331 1391
34 483 528
47 1304 1362
21 965 997
