300
15 48 87
17 18 59
34 69 127
43 764 831
30 88 142
18 56 98
48 8 80
21 745 790
13 24 61
31 780 835
11 19 54
50 777 851
31 1344 1399
42 38 104
13 69 106
35 51 110
23 1311 1358
35 746 805
31 527 582
54 771 849
48 51 123
47 52 123
25 65 114
24 1331 1379
45 567 636
35 757 816
22 49 95
27 564 615
31 48 103
31 1335 1390
48 1323 1395
37 0 61
31 53 108
33 57 114
25 750 799
25 1320 1369
32 542 598
38 511 573
12 95 131
33 1319 1376
27 28 79
26 751 801
14 750 788
27 1323 1374
6 42 72
28 47 99
29 45 98
25 759 808
31 31 86
41 55 120
7 541 572
27 45 96
43 1310 1377
40 736 800
48 21 93
27 1321 1372
29 1322 1375
22 85 131
31 45 100
30 75 129
8 523 555
20 80 124
42 558 624
31 584 639
39 537 600
19 582 625
29 1348 1401
48 749 821
46 65 135
16 562 602
53 753 830
23 757 804
11 559 594
27 563 614
15 36 75
10 10 44
29 564 617
21 1332 1377
25 755 804
15 1330 1369
19 1334 1377
30 782 836
40 51 115
26 80 130
50 60 134
37 30 91
16 96 136
19 49 92
53 555 632
36 544 604
48 536 608
9 1360 1393
12 527 563
22 763 809
23 549 596
29 1320 1373
32 780 836
29 55 108
36 755 815
20 26 70
18 541 583
18 63 105
27 39 90
26 41 91
23 52 99
14 97 135
17 1303 1344
17 59 100
31 551 606
30 539 593
42 540 606
31 1327 1382
28 749 801
39 538 601
6 69 99
24 757 805
27 520 571
17 23 64
32 805 861
17 531 572
24 744 792
25 562 611
44 546 614
36 560 620
56 528 608
19 794 837
31 770 825
35 1330 1389
11 557 592
36 39 99
31 57 112
47 550 621
48 526 598
29 570 623
25 68 117
17 1363 1404
17 1358 1399
16 40 80
17 1347 1388
21 547 592
44 1323 1391
39 45 108
37 537 598
3 795 822
24 1335 1383
17 529 570
34 23 81
37 553 614
14 52 90
35 28 87
10 527 561
20 62 106
14 22 60
19 67 110
14 548 586
50 556 630
19 563 606
28 502 554
29 547 600
32 1304 1360
51 15 90
36 567 627
29 522 575
30 525 579
44 23 91
19 51 94
15 61 100
3 1350 1377
25 1342 1391
34 1321 1379
29 64 117
17 27 68
24 55 103
37 540 601
15 38 77
45 1290 1359
17 1335 1376
50 1351 1425
19 573 616
23 554 601
14 761 799
16 528 568
11 23 58
37 7 68
49 69 142
34 764 822
28 51 103
28 787 839
8 753 785
46 17 87
16 749 789
34 551 609
40 41 105
19 546 589
23 41 88
17 1348 1389
15 1330 1369
19 46 89
26 39 89
38 80 142
30 75 129
22 770 816
28 40 92
13 67 104
46 1312 1382
33 1371 1428
31 39 94
6 757 787
17 62 103
17 750 791
28 804 856
16 31 71
22 786 832
32 750 806
40 783 847
30 548 602
33 565 622
29 37 90
6 52 82
50 774 848
19 529 572
35 1312 1371
28 1324 1376
39 1318 1381
40 24 88
3 554 581
18 1345 1387
41 745 810
18 552 594
39 784 847
6 555 585
23 565 612
13 543 580
31 46 101
27 64 115
17 760 801
3 1328 1355
9 66 99
3 72 99
26 31 81
27 745 796
23 1315 1362
39 45 108
24 811 859
35 15 74
21 1373 1418
8 537 569
31 40 95
7 1336 1367
23 539 586
16 550 590
53 782 859
34 1324 1382
4 735 763
24 542 590
29 32 85
40 1310 1374
19 1356 1399
40 560 624
13 38 75
38 516 578
48 545 617
16 772 812
21 1301 1346
15 491 530
22 41 87
36 111 171
16 1324 1364
29 44 97
39 30 93
52 761 837
36 530 590
30 74 128
27 43 94
15 572 611
27 76 127
28 59 111
32 764 820
18 745 787
43 763 830
60 44 128
14 37 75
24 515 563
28 57 109
20 1334 1378
25 758 807
41 1353 1418
11 585 620
33 1344 1401
18 38 80
29 789 842
26 547 597
33 541 598
34 511 569
38 33 95
5 752 781
14 93 131
20 707 751
43 62 129
37 1364 1425
