350
33 994 1055
15 1884 1927
31 1890 1949
17 1375 1420
28 1010 1066
6 906 940
30 1017 1075
29 83 140
16 1896 1940
20 1859 1907
39 966 1033
22 84 134
22 1866 1916
24 1887 1939
34 941 1003
22 907 957
40 965 1033
20 987 1035
10 66 104
48 1405 1481
28 1873 1929
17 73 118
14 940 982
26 900 954
22 1012 1062
34 994 1056
24 1919 1971
37 53 118
26 931 985
26 926 980
29 924 981
35 1879 1942
3 1397 1428
24 1409 1461
34 56 118
24 1000 1052
17 1908 1953
31 946 1005
0 983 1011
24 73 125
22 1881 1931
14 1407 1449
16 984 1028
49 947 1024
26 916 970
16 1000 1044
12 944 984
4 1877 1909
23 1926 1977
31 1873 1932
22 1880 1930
24 914 966
28 6 62
33 1858 1919
21 1008 1057
16 1854 1898
23 1864 1915
36 868 932
40 1877 1945
29 1384 1441
4 93 125
16 1009 1053
23 907 958
36 1395 1459
59 1356 1443
48 58 134
17 951 996
35 946 1009
49 993 1070
35 1883 1946
25 87 140
18 1923 1969
7 1366 1401
34 946 1008
41 56 125
34 942 1004
24 925 977
41 1397 1466
58 1002 1088
39 1886 1953
9 1376 1413
31 980 1039
8 103 139
32 99 159
33 1905 1966
32 887 947
28 54 110
23 1899 1950
22 1929 1979
10 1007 1045
0 1007 1035
46 55 129
56 1400 1484
29 92 149
15 1011 1054
23 57 108
25 1861 1914
12 1347 1387
9 70 107
17 1912 1957
47 920 995
39 72 139
33 1902 1963
21 943 992
34 973 1035
9 67 104
23 1374 1425
33 976 1037
33 1421 1482
27 972 1027
45 1019 1092
28 1409 1465
43 935 1006
36 1859 1923
23 97 148
20 63 111
20 1018 1066
51 1011 1090
27 1012 1067
14 976 1018
48 1423 1499
19 959 1006
31 77 136
41 1842 1911
20 66 114
16 970 1014
34 35 97
40 910 978
37 931 996
3 1888 1919
25 1891 1944
39 1887 1954
15 1006 1049
21 916 965
30 82 140
26 1874 1928
31 993 1052
28 1857 1913
38 1877 1943
44 77 149
37 921 986
50 1890 1968
31 1394 1453
29 1873 1930
7 1906 1941
23 1917 1968
18 1377 1423
39 1940 2007
18 92 138
28 1891 1947
44 92 164
27 58 113
25 938 991
29 909 966
19 1029 1076
24 78 130
20 1931 1979
28 1424 1480
38 1015 1081
28 1893 1949
26 956 1010
23 1909 1960
27 999 1054
31 1018 1077
17 1419 1464
19 1354 1401
15 1907 1950
16 1871 1915
9 1891 1928
7 58 93
22 999 1049
32 1874 1934
16 54 98
35 918 981
30 981 1039
42 1867 1937
32 1418 1478
11 45 84
24 62 114
34 86 148
32 58 118
36 1873 1937
38 52 118
32 1953 2013
21 1413 1462
33 1008 1069
20 1908 1956
50 73 151
9 1013 1050
5 1011 1044
26 948 1002
51 1430 1509
21 1015 1064
44 883 955
36 1930 1994
26 997 1051
40 1848 1916
27 966 1021
27 67 122
40 976 1044
3 33 64
39 1925 1992
30 109 167
16 1010 1054
21 1846 1895
19 1387 1434
45 1886 1959
12 1827 1867
49 1389 1466
27 1375 1430
4 93 125
30 57 115
55 1468 1551
42 934 1004
11 1933 1972
45 1437 1510
43 1912 1983
24 998 1050
8 1887 1923
16 943 987
12 1889 1929
29 1912 1969
42 1330 1400
35 1015 1078
26 97 151
50 51 129
24 49 101
37 1349 1414
30 100 158
26 1931 1985
21 1436 1485
48 1886 1962
42 1018 1088
22 42 92
8 995 1031
33 100 161
36 52 116
4 1897 1929
11 1390 1429
50 1927 2005
5 918 951
25 984 1037
34 912 974
38 83 149
21 916 965
32 1852 1912
33 946 1007
41 1391 1460
30 1032 1090
19 927 974
28 1047 1103
36 930 994
31 946 1005
20 1362 1410
34 64 126
49 990 1067
27 950 1005
21 934 983
35 969 1032
15 1406 1449
44 1888 1960
45 1375 1448
46 890 964
20 947 995
27 1364 1419
30 972 1030
25 58 111
30 1422 1480
38 1395 1461
39 1400 1467
37 1360 1425
15 1407 1450
40 1445 1513
22 1386 1436
33 1347 1408
38 1880 1946
39 93 160
13 1408 1449
34 985 1047
14 1024 1066
22 882 932
34 1899 1961
19 1411 1458
36 38 102
13 89 130
19 998 1045
34 1839 1901
39 1420 1487
16 1892 1936
21 1008 1057
19 97 144
14 1870 1912
13 1001 1042
25 1921 1974
22 1004 1054
26 997 1051
23 1884 1935
23 1381 1432
14 1866 1908
15 65 108
10 925 963
24 1867 1919
42 1386 1456
30 1884 1942
38 76 142
25 1394 1447
32 981 1041
34 16 78
0 1366 1394
33 34 95
30 921 979
44 1453 1525
30 117 175
26 88 142
40 957 1025
28 37 93
18 885 931
16 72 116
28 975 1031
28 964 1020
21 35 84
12 1401 1441
13 70 111
5 73 106
30 1891 1949
22 1389 1439
24 1886 1938
44 974 1046
0 998 1026
9 54 91
24 1882 1934
35 1407 1470
14 978 1020
24 1889 1941
32 1397 1457
48 62 138
47 1920 1995
33 1015 1076
24 16 68
47 1869 1944
17 60 105
8 1367 1403
0 1427 1455
27 951 1006
24 36 88
34 908 970
34 1941 2003
31 969 1028
38 1866 1932
13 1418 1459
