400
36 258 307
27 392 432
32 1525 1570
13 232 258
60 1559 1632
54 1873 1940
41 1837 1891
18 1869 1900
12 1853 1878
26 450 489
20 392 425
53 1554 1620
28 415 456
37 1574 1624
38 193 244
19 1522 1554
28 1884 1925
10 1884 1907
14 238 265
39 202 254
31 1923 1967
39 1921 1973
24 202 239
20 1847 1880
15 1885 1913
34 168 215
3 234 250
34 1570 1617
30 1464 1507
31 1864 1908
22 392 427
54 396 463
35 386 434
28 1476 1517
48 1522 1583
1 1491 1505
35 1495 1543
44 376 433
0 1961 1974
39 451 503
11 412 436
5 1488 1506
27 1637 1677
27 266 306
25 1647 1685
11 434 458
40 1554 1607
41 1578 1632
39 482 534
16 1512 1541
23 1589 1625
30 412 455
36 241 290
25 1514 1552
31 1870 1914
7 1564 1584
12 383 408
48 419 480
20 1466 1499
18 393 424
12 1601 1626
31 1893 1937
44 1491 1548
37 201 251
20 1874 1907
40 1474 1527
43 1508 1564
6 192 211
21 415 449
38 1849 1900
28 435 476
28 1486 1527
21 1518 1552
31 1848 1892
34 1547 1594
33 384 430
31 370 414
27 406 446
46 229 288
5 475 493
36 1636 1685
25 406 444
28 1521 1562
48 1534 1595
9 1627 1649
46 351 410
39 1599 1651
49 414 476
19 422 454
33 1640 1686
35 1513 1561
28 405 446
37 1859 1909
20 1493 1526
33 1612 1658
20 1897 1930
11 1899 1923
22 436 471
24 1512 1549
41 1649 1703
25 1887 1925
10 247 270
30 439 482
29 415 457
16 387 416
16 243 272
25 464 502
12 248 273
29 1620 1662
34 427 474
22 1505 1540
39 1566 1618
45 434 492
24 1856 1893
40 1570 1623
59 409 481
40 1499 1552
53 1488 1554
47 1585 1645
29 403 445
50 229 292
44 400 457
39 1832 1884
40 1558 1611
27 1490 1530
27 450 490
36 1528 1577
25 1494 1532
40 233 286
47 1911 1971
30 222 265
22 1861 1896
33 1583 1629
25 1560 1598
43 1553 1609
58 1884 1955
6 1856 1875
20 372 405
15 1610 1638
25 1469 1507
17 1833 1863
18 1595 1626
31 1512 1556
30 453 496
27 213 253
45 1621 1679
31 436 480
0 228 241
42 181 236
39 1543 1595
2 255 270
37 1453 1503
41 1517 1571
13 444 470
38 1510 1561
41 1555 1609
21 1599 1633
16 405 434
33 1603 1649
55 1479 1547
42 1570 1625
19 1562 1594
54 202 269
30 1929 1972
13 1863 1889
32 1485 1530
24 1533 1570
16 1583 1612
22 1524 1559
49 1515 1577
30 1878 1921
25 1523 1561
12 1500 1525
34 1473 1520
20 260 293
9 1891 1913
52 1586 1651
18 1623 1654
20 1463 1496
22 1479 1514
11 1644 1668
60 358 431
14 193 220
23 1510 1546
18 428 459
20 1580 1613
60 1575 1648
47 1508 1568
43 1582 1638
21 218 252
35 1889 1937
44 1401 1458
23 1832 1868
38 1835 1886
35 1891 1939
15 1504 1532
32 398 443
10 408 431
44 1592 1649
39 1520 1572
32 1834 1879
28 1867 1908
42 392 447
18 1587 1618
47 410 470
8 1461 1482
36 1906 1955
38 374 425
32 218 263
26 1871 1910
13 1583 1609
31 1891 1935
16 1542 1571
49 1598 1660
18 1513 1544
30 1608 1651
29 1450 1492
31 209 253
11 1460 1484
27 424 464
25 250 288
24 361 398
32 225 270
4 1484 1501
11 1533 1557
22 1524 1559
30 1582 1625
30 1845 1888
40 1895 1948
56 219 288
24 1607 1644
16 428 457
25 1565 1603
13 1845 1871
49 1511 1573
8 1870 1891
31 1869 1913
9 421 443
16 1822 1851
16 1563 1592
40 442 495
26 1548 1587
44 1602 1659
39 170 222
23 1886 1922
44 1578 1635
18 183 214
21 1459 1493
44 220 277
18 1488 1519
29 234 276
36 1625 1674
36 1558 1607
12 1896 1921
35 393 441
11 1517 1541
15 233 261
10 228 251
21 1603 1637
13 369 395
20 398 431
21 1557 1591
40 1520 1573
19 1857 1889
38 1543 1594
20 1581 1614
29 1456 1498
11 1863 1887
29 376 418
10 228 251
41 1884 1938
31 1869 1913
21 1648 1682
8 353 374
57 1591 1661
28 1882 1923
53 403 469
0 1600 1613
18 1611 1642
42 1490 1545
21 1444 1478
19 1519 1551
55 243 311
20 226 259
50 1896 1959
20 233 266
28 1508 1549
28 1505 1546
30 1521 1564
37 1900 1950
29 432 474
29 199 241
23 183 219
17 1521 1551
26 1837 1876
25 391 429
5 1519 1537
25 184 222
12 1526 1551
19 209 241
22 1495 1530
58 1544 1615
34 1472 1519
36 396 445
40 1604 1657
40 1503 1556
35 1482 1530
16 1455 1484
9 1527 1549
14 1852 1879
0 399 412
30 1633 1676
30 1848 1891
35 1537 1585
1 1466 1480
30 1591 1634
32 1582 1627
25 438 476
5 277 295
43 165 221
18 1484 1515
26 1893 1932
18 419 450
16 262 291
14 1621 1648
20 401 434
22 1923 1958
46 1470 1529
0 405 418
44 1599 1656
18 376 407
27 1504 1544
26 389 428
28 175 216
30 408 451
32 1494 1539
18 1841 1872
21 1560 1594
17 184 214
36 1536 1585
2 1851 1866
33 1900 1946
3 1487 1503
16 1648 1677
37 1842 1892
26 207 246
14 1455 1482
37 1513 1563
25 1481 1519
16 1444 1473
38 1573 1624
42 1556 1611
19 1836 1868
36 400 449
18 228 259
4 201 218
30 384 427
24 1878 1915
32 393 438
28 231 272
21 494 528
21 1454 1488
20 1612 1645
26 1491 1530
25 1509 1547
51 1461 1525
33 1843 1889
20 258 291
40 440 493
28 1846 1887
27 1507 1547
34 216 263
22 198 233
13 1872 1898
32 1540 1585
24 1517 1554
32 1573 1618
21 1529 1563
25 195 233
21 1916 1950
21 432 466
22 1857 1892
45 177 235
39 451 503
15 1637 1665
30 1840 1883
41 1897 1951
50 382 445
2 230 245
21 1433 1467
28 1563 1604
15 1492 1520
33 1580 1626
33 407 453
16 1897 1926
28 197 238
13 1479 1505
3 407 423
20 1860 1893
29 446 488
