450
3 34 58
19 579 619
25 121 167
31 2249 2301
37 2242 2300
31 580 632
28 1956 2005
33 631 685
32 1893 1946
28 594 643
35 591 647
36 1956 2013
27 113 161
36 610 667
3 1873 1897
28 29 78
22 654 697
35 2095 2151
15 73 109
33 651 705
18 135 174
41 1849 1911
12 1855 1888
12 2002 2035
37 570 628
12 665 698
27 587 635
23 121 165
12 1969 2002
4 74 99
14 628 663
39 1977 2037
17 1903 1941
46 2016 2083
33 115 169
25 105 151
31 632 684
34 2227 2282
36 2063 2120
32 1996 2049
26 1948 1995
35 579 635
36 2189 2246
20 2208 2249
39 1999 2059
27 106 154
21 128 170
19 117 157
8 2008 2037
21 634 676
9 620 650
3 575 599
7 2190 2218
38 1923 1982
33 2170 2224
7 1914 1942
22 653 696
12 1885 1918
16 576 613
11 2041 2073
45 1883 1949
38 13 72
6 1931 1958
36 1903 1960
42 2040 2103
37 1946 2004
13 2189 2223
23 615 659
23 47 91
3 591 615
22 80 123
32 613 666
36 2180 2237
36 628 685
49 626 696
38 69 128
37 53 111
21 621 663
3 70 94
15 1900 1936
11 42 74
24 2230 2275
41 1890 1952
12 622 655
29 1873 1923
3 2188 2212
23 2025 2069
21 645 687
20 147 188
4 2187 2212
28 2218 2267
53 2003 2077
26 86 133
47 2016 2084
45 61 127
29 2017 2067
30 1910 1961
28 1900 1949
46 1850 1917
44 2189 2254
22 1950 1993
9 1838 1868
31 2236 2288
8 121 150
26 624 671
60 1855 1936
12 1872 1905
29 2049 2099
32 1919 1972
37 1974 2032
43 2281 2345
44 2208 2273
29 629 679
11 595 627
20 2053 2094
24 70 115
34 126 181
16 2191 2228
18 1927 1966
38 2019 2078
24 1847 1892
21 1891 1933
14 2032 2067
27 594 642
15 2004 2040
39 70 130
14 2012 2047
33 1904 1958
6 2031 2058
16 2211 2248
9 584 614
3 15 39
25 597 643
38 89 148
14 615 650
33 652 706
20 132 173
5 2036 2062
34 1887 1942
48 1971 2040
24 74 119
27 71 119
15 2180 2216
14 679 714
26 2246 2293
27 2192 2240
6 2193 2220
9 1927 1957
16 1854 1891
19 637 677
34 554 609
26 2172 2219
30 1962 2013
22 669 712
48 1868 1937
20 2221 2262
22 2220 2263
27 2209 2257
3 606 630
40 69 130
55 637 713
3 568 592
42 604 667
22 1987 2030
32 2248 2301
26 1975 2022
10 91 122
29 2049 2099
41 2199 2261
25 656 702
32 2223 2276
19 1997 2037
44 2041 2106
29 99 149
25 594 640
26 1930 1977
7 2219 2247
11 614 646
59 612 692
41 2200 2262
22 621 664
12 2197 2230
12 2220 2253
43 40 104
47 101 169
27 2182 2230
4 2040 2065
3 1895 1919
46 0 67
21 1984 2026
39 1983 2043
36 2026 2083
33 1887 1941
43 1880 1944
15 2209 2245
47 43 111
38 77 136
24 2234 2279
17 93 131
17 1930 1968
33 1906 1960
7 2203 2231
25 586 632
36 2214 2271
30 112 163
33 2177 2231
34 106 161
22 1855 1898
44 2006 2071
15 1891 1927
32 1842 1895
30 2036 2087
23 628 672
27 85 133
48 2248 2317
11 2187 2219
22 1905 1948
19 72 112
31 2228 2280
27 2040 2088
36 1922 1979
36 115 172
52 2162 2235
26 2159 2206
39 130 190
30 2061 2112
3 604 628
34 2041 2096
24 2206 2251
37 2215 2273
15 2025 2061
28 157 206
30 2190 2241
16 608 645
24 2227 2272
14 654 689
32 1886 1939
31 2173 2225
29 2031 2081
13 2032 2066
23 119 163
14 112 147
22 93 136
24 84 129
25 2137 2183
35 632 688
23 1883 1927
15 1943 1979
13 2259 2293
3 2224 2248
24 2219 2264
37 2252 2310
14 638 673
13 2189 2223
15 1956 1992
26 50 97
33 1941 1995
13 2026 2060
32 603 656
8 1890 1919
26 618 665
57 2237 2315
27 1865 1913
25 2019 2065
34 616 671
7 609 637
45 2205 2271
22 2188 2231
39 76 136
18 2003 2042
38 2019 2078
28 135 184
45 2212 2278
11 2222 2254
34 2008 2063
30 601 652
21 2017 2059
16 629 666
48 590 659
15 86 122
29 1977 2027
21 655 697
23 2174 2218
11 1905 1937
50 1905 1976
21 96 138
15 1972 2008
45 69 135
27 119 167
40 84 145
15 1898 1934
20 1997 2038
40 1998 2059
47 621 689
20 1887 1928
47 573 641
24 2023 2068
48 619 688
52 1917 1990
17 2244 2282
36 613 670
18 1869 1908
27 79 127
37 2175 2233
38 1886 1945
16 2209 2246
16 645 682
51 2238 2310
45 1904 1970
31 64 116
25 645 691
23 627 671
41 2013 2075
42 2024 2087
10 2195 2226
8 2167 2196
18 601 640
46 2127 2194
6 114 141
3 645 669
18 604 643
22 60 103
43 1869 1933
17 1913 1951
40 606 667
18 1870 1909
48 582 651
3 2248 2272
15 602 638
38 2204 2263
3 1982 2006
13 119 153
34 1831 1886
24 87 132
60 1860 1941
26 585 632
21 2241 2283
35 540 596
21 2032 2074
45 629 695
13 2083 2117
52 2245 2318
36 2056 2113
37 1862 1920
27 1974 2022
20 99 140
24 48 93
27 611 659
35 1928 1984
28 2012 2061
33 77 131
23 650 694
37 2034 2092
40 623 684
22 1941 1984
17 665 703
28 643 692
29 1869 1919
25 1905 1951
26 123 170
47 587 655
23 2221 2265
3 76 100
3 2201 2225
37 2206 2264
26 1935 1982
24 77 122
29 1830 1880
35 2129 2185
26 1977 2024
52 84 157
14 2040 2075
26 130 177
33 1879 1933
28 99 148
15 2190 2226
32 2050 2103
16 85 122
25 2235 2281
3 565 589
18 1992 2031
37 53 111
25 1872 1918
16 2004 2041
25 2203 2249
20 2166 2207
32 44 97
36 79 136
27 2168 2216
46 2197 2264
55 2190 2266
28 1997 2046
21 654 696
40 2016 2077
11 606 638
33 631 685
6 68 95
32 91 144
13 2211 2245
34 1897 1952
37 2000 2058
39 1994 2054
13 1821 1855
18 1871 1910
6 1864 1891
35 90 146
30 1939 1990
51 48 120
29 1900 1950
27 1951 1999
7 2044 2072
24 2212 2257
45 2005 2071
32 2239 2292
32 1883 1936
45 2224 2290
21 1882 1924
21 145 187
45 2236 2302
55 547 623
33 2242 2296
11 1903 1935
37 1856 1914
35 1968 2024
19 1901 1941
45 1891 1957
27 96 144
18 2211 2250
21 2249 2291
41 112 174
28 1914 1963
9 643 673
20 134 175
11 1996 2028
13 77 111
24 2001 2046
38 1994 2053
28 558 607
32 1834 1887
39 2190 2250
9 1984 2014
43 1892 1956
53 125 199
25 625 671
38 2011 2070
30 106 157
3 588 612
15 583 619
3 1897 1921
52 1817 1890
