50
29 272 311
48 148 206
28 25 63
33 271 314
47 280 337
33 166 209
25 142 177
49 166 225
38 144 192
11 126 147
18 129 157
28 145 183
42 163 215
37 131 178
38 139 187
55 272 337
4 153 167
15 17 42
16 161 187
31 24 65
24 20 54
4 271 285
11 16 37
33 129 172
3 165 178
31 165 206
34 273 317
23 161 194
30 162 202
3 163 176
8 167 185
48 165 223
36 133 179
12 23 45
15 132 157
32 276 318
39 24 73
26 131 167
23 130 163
25 21 56
54 131 195
17 151 178
4 275 289
35 127 172
24 271 305
27 168 205
31 165 206
34 130 174
44 147 201
37 146 193
