500
21 727 765
33 2417 2467
20 2728 2765
37 2653 2707
5 2389 2411
40 2399 2456
15 2353 2385
38 2303 2358
37 2368 2422
15 694 726
17 861 895
3 749 769
33 720 770
27 2426 2470
44 726 787
24 791 832
35 720 772
18 2484 2519
25 2729 2771
10 692 719
18 698 733
4 2645 2666
19 2406 2442
3 902 922
8 2373 2398
28 2376 2421
33 2365 2415
41 831 889
42 2309 2368
14 2372 2403
19 2362 2398
21 863 901
6 2328 2351
22 2637 2676
22 906 945
24 2396 2437
3 2407 2427
40 869 926
25 742 784
3 2672 2692
7 2394 2418
17 2646 2680
42 2415 2474
20 717 754
26 723 766
17 2413 2447
14 2310 2341
28 2351 2396
34 896 947
6 2272 2295
30 946 993
29 723 769
18 654 689
43 741 801
16 696 729
10 2271 2298
27 2320 2364
7 886 910
25 2370 2412
33 2380 2430
60 962 1039
11 918 946
23 742 782
10 2649 2676
14 2630 2661
37 918 972
33 2676 2726
19 2384 2420
17 2369 2403
23 2328 2368
9 2360 2386
24 908 949
10 2356 2383
27 2352 2396
16 2328 2361
43 2661 2721
31 2348 2396
17 737 771
46 727 790
26 2382 2425
40 2319 2376
38 2683 2738
34 883 934
35 731 783
8 755 780
13 713 743
5 2374 2396
49 2370 2436
43 2419 2479
39 2296 2352
31 2660 2708
30 820 867
12 2669 2698
42 742 801
25 2378 2420
35 2650 2702
3 2337 2357
28 686 731
17 2695 2729
26 2369 2412
19 2365 2401
41 2415 2473
31 871 919
32 2338 2387
22 719 758
19 2355 2391
13 921 951
7 2340 2364
3 2347 2367
28 2679 2724
18 2355 2390
38 714 769
15 890 922
23 2381 2421
54 2333 2404
3 2683 2703
30 743 790
17 893 927
28 891 936
28 817 862
32 891 940
23 2654 2694
58 2277 2352
39 2280 2336
3 735 755
16 962 995
28 2298 2343
34 2349 2400
6 2384 2407
26 2686 2729
21 2411 2449
23 741 781
19 714 750
20 2401 2438
41 654 712
47 788 852
35 732 784
29 893 939
3 2373 2393
54 2325 2396
29 2673 2719
24 700 741
29 683 729
26 2358 2401
20 729 766
45 890 952
24 2631 2672
33 2340 2390
24 2381 2422
33 910 960
41 693 751
36 2382 2435
23 747 787
37 875 929
24 2388 2429
29 2337 2383
16 2672 2705
33 695 745
37 739 793
7 740 764
35 2326 2378
34 917 968
26 2637 2680
34 2634 2685
20 2629 2666
43 2315 2375
23 2621 2661
29 901 947
14 2371 2402
46 896 959
22 876 915
29 2401 2447
21 2589 2627
15 764 796
36 775 828
25 2403 2445
40 2385 2442
16 2357 2390
29 2362 2408
44 2711 2772
50 970 1037
24 2345 2386
3 718 738
33 759 809
39 724 780
44 880 941
15 2593 2625
25 2407 2449
3 871 891
7 2323 2347
32 935 984
29 672 718
58 756 831
29 2692 2738
20 884 921
9 2321 2347
36 2412 2465
21 872 910
23 864 904
27 665 709
60 2657 2734
50 2329 2396
12 2366 2395
41 2318 2376
11 2639 2667
29 934 980
30 733 780
18 2340 2375
25 839 881
26 2336 2379
7 762 786
24 2631 2672
25 2352 2394
30 2358 2405
28 2668 2713
35 2367 2419
20 2385 2422
37 952 1006
18 2399 2434
20 2615 2652
50 783 850
34 2649 2700
21 881 919
20 938 975
43 779 839
28 2399 2444
39 2641 2697
29 2662 2708
28 764 809
15 717 749
13 646 676
26 2401 2444
27 2628 2672
37 2384 2438
25 2370 2412
29 2367 2413
3 2345 2365
51 937 1005
10 2386 2413
40 885 942
18 864 899
33 2665 2715
33 888 938
38 2377 2432
28 666 711
13 2351 2381
25 2643 2685
50 724 791
16 2370 2403
17 2379 2413
10 761 788
20 2439 2476
37 2660 2714
4 2358 2379
34 928 979
38 2400 2455
33 2300 2350
15 731 763
43 2354 2414
24 2303 2344
32 2372 2421
23 854 894
38 2655 2710
9 2584 2610
27 2354 2398
40 2699 2756
17 737 771
29 723 769
37 914 968
37 2372 2426
7 840 864
41 2323 2381
28 2289 2334
27 2333 2377
25 2591 2633
34 902 953
35 940 992
43 914 974
18 2670 2705
18 2366 2401
18 718 753
22 919 958
3 883 903
13 2322 2352
40 726 783
48 880 945
14 868 899
20 2314 2351
35 2439 2491
43 895 955
5 946 968
27 2298 2342
6 2397 2420
16 2303 2336
52 823 892
16 2633 2666
45 922 984
30 877 924
37 2385 2439
25 694 736
36 875 928
40 2419 2476
28 2667 2712
33 912 962
26 942 985
46 823 886
36 892 945
44 652 713
16 2652 2685
27 2402 2446
25 714 756
34 2415 2466
52 2382 2451
21 747 785
37 740 794
3 891 911
55 2612 2684
29 2706 2752
22 2671 2710
25 2685 2727
27 723 767
24 2359 2400
14 848 879
23 698 738
29 2622 2668
40 910 967
29 2652 2698
12 2360 2389
28 891 936
44 2389 2450
18 727 762
41 2669 2727
12 761 790
22 835 874
22 930 969
30 905 952
38 2696 2751
33 2456 2506
28 803 848
35 2617 2669
25 2373 2415
4 2665 2686
29 2368 2414
44 2698 2759
25 760 802
44 2396 2457
39 718 774
15 2704 2736
32 697 746
12 2696 2725
30 708 755
27 712 756
16 949 982
26 2329 2372
22 891 930
21 2675 2713
21 2355 2393
19 2355 2391
43 2675 2735
23 2330 2370
28 2623 2668
36 2328 2381
11 2313 2341
58 710 785
17 2359 2393
12 2455 2484
16 2431 2464
24 2388 2429
19 2662 2698
33 734 784
46 2352 2415
15 2315 2347
43 691 751
18 961 996
39 908 964
31 913 961
30 2300 2347
24 2727 2768
33 2416 2466
22 758 797
28 2330 2375
3 874 894
16 2635 2668
34 2344 2395
50 2383 2450
40 2363 2420
24 768 809
28 2388 2433
34 900 951
19 760 796
30 728 775
25 674 716
3 2373 2393
11 2338 2366
37 2331 2385
42 916 975
44 2375 2436
27 2678 2722
24 710 751
14 2622 2653
27 872 916
22 694 733
22 2382 2421
38 761 816
17 870 904
36 2699 2752
33 891 941
36 729 782
17 879 913
30 2655 2702
20 2324 2361
38 762 817
10 2341 2368
17 2370 2404
41 2713 2771
10 2645 2672
35 2350 2402
29 715 761
26 703 746
34 745 796
20 702 739
31 736 784
34 833 884
23 2715 2755
9 2318 2344
40 735 792
27 829 873
13 2665 2695
21 2615 2653
32 2413 2462
39 2335 2391
11 2680 2708
46 2327 2390
7 887 911
25 2398 2440
52 2334 2403
24 796 837
50 727 794
31 2328 2376
30 2657 2704
23 709 749
23 2342 2382
13 2633 2663
59 2362 2438
21 2336 2374
19 2305 2341
23 937 977
40 2702 2759
28 769 814
29 2639 2685
30 2634 2681
17 2679 2713
42 2355 2414
18 2301 2336
38 2378 2433
23 2379 2419
24 2358 2399
21 785 823
47 2382 2446
46 2369 2432
21 901 939
37 2263 2317
30 2349 2396
8 2642 2667
28 2380 2425
50 846 913
32 2343 2392
32 728 777
27 881 925
23 2413 2453
16 2646 2679
17 740 774
36 2411 2464
40 2370 2427
31 919 967
48 676 741
30 894 941
7 2327 2351
3 904 924
29 2296 2342
17 912 946
16 825 858
20 2671 2708
40 932 989
37 853 907
39 2336 2392
26 2719 2762
35 2341 2393
48 731 796
8 2678 2703
34 2366 2417
42 2371 2430
29 734 780
15 2350 2382
39 735 791
21 2697 2735
35 2411 2463
19 2339 2375
33 666 716
13 2372 2402
